// AUTO-GENERATED by python/train_neural_tonemap.py — do not hand-edit.
// Tiny MLP (1 -> 12 -> 12 -> 1) trained with plain numpy to approximate
// a filmic ACES-style tonemap curve. See NeuralTonemap.md for details.
const float NT_W1[12] = float[12](0.774055, -0.506704, 0.350949, 0.523988, -1.182429, -0.679869, -0.090998, -0.634523, 0.209551, -0.547486, 0.697206, 0.374088);
const float NT_B1[12] = float[12](0.508978, 0.228713, -0.240347, 0.018774, -1.137244, -0.112008, -0.291849, -0.397700, 0.210515, -0.386086, 0.193655, 0.013533);
const float NT_W2[144] = float[144](0.084164, 0.598817, 0.122273, -0.527271, -0.006048, -0.526934, 0.594412, -0.062423, 0.019994, -0.349380, 0.676455, 0.031614, -0.096366, -0.243655, 0.221197, 0.150198, 0.258637, 0.200613, 0.664175, -0.170021, -0.273080, -0.290014, 0.141231, 0.478270, -0.105956, -0.249854, -0.339825, 0.253487, 0.218014, 0.192825, -0.107116, 0.097653, 0.104372, 0.056548, 0.435103, 0.070058, 0.239190, 0.149639, 0.090310, 0.188853, -0.698660, -0.197961, 0.022649, -0.263565, -0.032193, 0.549645, -0.208897, 0.397320, -0.758400, -0.395541, 0.144663, 0.518994, 0.538170, 0.570287, -0.554257, -0.138554, 0.195267, 0.029407, -0.851121, -0.582626, -0.322723, 0.057849, 0.080475, 0.341580, -0.038589, 0.140611, 0.000423, -0.116412, 0.092862, -0.210078, -0.305620, -0.157343, -0.514568, 0.199016, -0.183682, 0.037301, 0.190039, 0.200381, 0.281706, -0.032539, -0.162715, -0.032749, -0.682747, -0.602922, -0.576185, -0.521567, 0.212029, -0.213092, -0.025242, 0.638256, -0.339827, 0.328038, -0.450081, -0.020481, -0.535014, -0.210632, 0.361404, -0.663026, 0.158312, 0.045863, -0.268205, -0.614762, 0.073130, -0.223087, 0.109972, -0.007203, 0.680932, -0.066892, -0.430452, -0.056621, 0.121459, 0.662165, 0.456306, 0.254071, 0.382505, -0.458076, -0.329451, -0.321470, -0.317760, -0.597496, 0.264493, 0.067911, -0.641199, -0.543559, -0.029369, 0.215448, 1.051330, 1.136339, 0.265642, -0.468072, -0.670551, 0.161696, -0.345494, -0.063829, -0.268291, -0.115536, 0.329622, 0.000479, 0.107466, -0.422580, -0.605577, -0.235114, 0.092998, 0.719900);
const float NT_B2[12] = float[12](0.216828, 0.113373, -0.115765, -0.333665, -0.126662, -0.207235, 0.144698, -0.144815, 0.083928, -0.121614, 0.139350, 0.187566);
const float NT_W3[12] = float[12](0.634361, 0.708779, -0.536531, -0.994160, -0.686328, -0.826711, 1.114984, -0.027897, 0.319074, -0.264334, 0.874403, 0.676803);
const float NT_B3 = 0.230729;
const float NT_CALIB_Y0 = 0.230559;
const float NT_CALIB_YCEIL = 0.999070;